     2              NAVIGATION DATA                         RINEX VERSION / TYPE
CRN, Geodetics, Inc.                    20010304 00:37:55UTCPGM / RUN BY / DATE 
                                                            ION ALPHA           
                                                            ION BETA            
                                                            DELTA-UTC: A0,A1,T,W
                                                            LEAP SECONDS        
                                                            END OF HEADER       
 1 01 03 04 00 00  0.0 1.67092774063e-004 1.47792889038e-012 0.00000000000e+000 
    7.70000000000e+001-4.96562500000e+001 4.24839141644e-009-2.42664011802e+000 
   -2.66917049885e-006 5.19789464306e-003 9.40635800362e-006 5.15360276794e+003 
    0.00000000000e+000 2.79396772385e-008-1.06571878799e+000-8.38190317154e-008 
    9.63409091319e-001 1.98968750000e+002-1.71223557840e+000-7.77068098756e-009 
    1.05718690746e-010 1.00000000000e+000 1.10400000000e+003 0.00000000000e+000 
    1.00000000000e+000 0.00000000000e+000-3.25962901115e-009 0.00000000000e+000 
    0.00000000000e+000 0.00000000000e+000 0.00000000000e+000 0.00000000000e+000 
28 01 03 04 00 00  0.0 1.60178169608e-005-1.25055521494e-012 0.00000000000e+000 
    1.50000000000e+001 7.43750000000e+000 4.50161596888e-009-3.09874542152e+000 
    4.20957803726e-007 5.16271300148e-003 8.50856304169e-006 5.15371633148e+003 
    0.00000000000e+000-3.16649675369e-008 1.00621889024e+000-5.40167093277e-008 
    9.59898621893e-001 2.14500000000e+002-2.43844057408e+000-7.91854404270e-009 
   -1.40005826377e-010 1.00000000000e+000 1.10400000000e+003 0.00000000000e+000 
    3.00000000000e+000 0.00000000000e+000-1.07102096081e-008 0.00000000000e+000 
    0.00000000000e+000 0.00000000000e+000 0.00000000000e+000 0.00000000000e+000 
20 01 03 04 00 00  0.0-5.84498047829e-005-1.59161572810e-012 0.00000000000e+000 
    2.64000000000e+002-6.23750000000e+001 4.59126248131e-009 1.03819899336e+000 
   -3.42354178429e-006 1.99181679636e-003 5.38676977158e-006 5.15361252403e+003 
    0.00000000000e+000-2.60770320892e-008-2.13498282921e+000-2.60770320892e-008 
    9.60629482600e-001 2.73250000000e+002 2.18129005272e+000-8.23748624867e-009 
   -1.43577413847e-010 1.00000000000e+000 1.10400000000e+003 0.00000000000e+000 
    2.00000000000e+000 0.00000000000e+000-6.51925802231e-009 0.00000000000e+000 
    0.00000000000e+000 0.00000000000e+000 0.00000000000e+000 0.00000000000e+000 
13 01 03 04 00 00  0.0-4.37721610069e-007-1.13686837722e-013 0.00000000000e+000 
    1.10000000000e+001-5.46562500000e+001 4.18053147655e-009 1.92944069444e+000 
   -2.87219882011e-006 2.00004922226e-003 9.57772135735e-006 5.15381291771e+003 
    0.00000000000e+000-9.68575477600e-008-1.08763384356e+000 7.45058059692e-009 
    9.67565945245e-001 1.97875000000e+002-2.11396203352e-001-7.81925457716e-009 
    9.39324867888e-011 1.00000000000e+000 1.10400000000e+003 0.00000000000e+000 
    0.00000000000e+000 0.00000000000e+000-1.16415321827e-008 0.00000000000e+000 
    0.00000000000e+000 0.00000000000e+000 0.00000000000e+000 0.00000000000e+000 
22 01 03 04 00 00  0.0 5.52909448743e-004 8.64019966684e-012 0.00000000000e+000 
    3.86000000000e+002 1.18750000000e+000 5.28986321413e-009 6.51163811129e-001 
    1.89989805222e-007 1.39839329058e-002 7.79516994953e-006 5.15371380806e+003 
    0.00000000000e+000-1.82539224625e-007 9.46090686737e-001 2.23517417908e-007 
    9.32728337411e-001 2.15875000000e+002 6.61266250862e-001-8.50463965918e-009 
   -2.75011458051e-010 1.00000000000e+000 1.10400000000e+003 0.00000000000e+000 
    1.00000000000e+000 0.00000000000e+000-4.19095158577e-009 0.00000000000e+000 
    0.00000000000e+000 0.00000000000e+000 0.00000000000e+000 0.00000000000e+000 
 3 01 03 04 00 00  0.0 8.76374542713e-006 3.29691829393e-012 0.00000000000e+000 
    4.76000000000e+002 6.03437500000e+001 5.02520913770e-009-6.16745741867e-001 
    3.25404107571e-006 2.05425021704e-003 8.60728323460e-006 5.15368448830e+003 
    0.00000000000e+000 3.16649675369e-008 2.01303026231e+000 5.58793544769e-009 
    9.37627490600e-001 2.02500000000e+002 7.14064930505e-001-8.29498869592e-009 
   -6.85742851392e-011 1.00000000000e+000 1.10400000000e+003 0.00000000000e+000 
    2.00000000000e+000 0.00000000000e+000-4.65661287308e-009 0.00000000000e+000 
    0.00000000000e+000 0.00000000000e+000 0.00000000000e+000 0.00000000000e+000 
31 01 03 04 00 00  0.0 3.31457704306e-005 1.70530256582e-012 0.00000000000e+000 
    2.13000000000e+002 6.13750000000e+001 4.75662664812e-009-1.37231302191e+000 
    3.33972275257e-006 1.02081308141e-002 7.96467065811e-006 5.15360190773e+003 
    0.00000000000e+000 2.19792127609e-007 2.02710363079e+000 2.79396772385e-008 
    9.46420160759e-001 2.13343750000e+002 8.53253861540e-001-8.14212519629e-009 
   -2.10723070937e-011 1.00000000000e+000 1.10400000000e+003 0.00000000000e+000 
    2.00000000000e+000 0.00000000000e+000-5.58793544769e-009 0.00000000000e+000 
    0.00000000000e+000 0.00000000000e+000 0.00000000000e+000 0.00000000000e+000 
25 01 03 04 00 00  0.0 1.18874013424e-005 3.41060513165e-013 0.00000000000e+000 
    3.88000000000e+002 1.31250000000e+000 5.12521358687e-009-1.58661906002e+000 
    1.47148966789e-007 8.79501306918e-003 7.47665762901e-006 5.15364662743e+003 
    0.00000000000e+000 2.16066837311e-007-1.02070667562e-001 4.47034835815e-008 
    9.37713219062e-001 2.22406250000e+002-2.02223485655e+000-8.23391399507e-009 
    2.46081682809e-010 1.00000000000e+000 1.10400000000e+003 0.00000000000e+000 
    1.00000000000e+000 0.00000000000e+000-7.45058059692e-009 0.00000000000e+000 
    0.00000000000e+000 0.00000000000e+000 0.00000000000e+000 0.00000000000e+000 
19 01 03 04 00 00  0.0 4.53487038612e-004 1.35287336889e-011 0.00000000000e+000 
    3.66000000000e+002-3.56250000000e+000 5.24771870403e-009-2.69945062444e+000 
   -2.36555933952e-007 6.64749310818e-003 7.82497227192e-006 5.15365193748e+003 
    0.00000000000e+000-3.53902578354e-008-1.24760611820e-001-4.65661287308e-008 
    9.28815880041e-001 2.13250000000e+002-2.57131622802e+000-8.25355783718e-009 
    2.79654494006e-010 1.00000000000e+000 1.10400000000e+003 0.00000000000e+000 
    3.00000000000e+000 0.00000000000e+000-3.25962901115e-009 0.00000000000e+000 
    0.00000000000e+000 0.00000000000e+000 0.00000000000e+000 0.00000000000e+000 
15 01 03 03 23 59 44.0 5.87524846196e-006 4.32009983342e-012 0.00000000000e+000 
    1.68000000000e+002 5.24375000000e+001 4.33946656386e-009-1.59641983142e+000 
    2.94484198093e-006 7.76875880547e-003 4.41074371338e-006 5.15310873795e+003 
    6.04784000000e+005-1.11758708954e-008-2.99264777936e+000 2.45869159698e-007 
    9.81233517800e-001 3.07593750000e+002 1.58929491274e+000-8.09855205119e-009 
    9.67897428872e-011 1.00000000000e+000 1.10300000000e+003 0.00000000000e+000 
    1.00000000000e+000 1.00000000000e+000-2.79396772385e-009 0.00000000000e+000 
    0.00000000000e+000 0.00000000000e+000 0.00000000000e+000 0.00000000000e+000 
29 01 03 04 00 00  0.0 4.58297319710e-004 1.79625203600e-011 0.00000000000e+000 
    1.67000000000e+002-6.08125000000e+001 4.42304148862e-009-4.81919102345e-001 
   -3.12924385071e-006 8.25925683603e-003 9.00588929653e-006 5.15384159851e+003 
    0.00000000000e+000-1.86264514923e-008-1.11139714398e+000 9.31322574615e-008 
    9.63113050827e-001 2.08843750000e+002-1.86154071815e+000-8.10855205202e-009 
    9.10752237515e-011 1.00000000000e+000 1.10400000000e+003 0.00000000000e+000 
    0.00000000000e+000 0.00000000000e+000-6.98491930962e-009 0.00000000000e+000 
    0.00000000000e+000 0.00000000000e+000 0.00000000000e+000 0.00000000000e+000 
15 01 03 04 02 00  0.0 5.90644776821e-006 4.32009983342e-012 0.00000000000e+000 
    1.69000000000e+002 5.50000000000e+001 4.36232472367e-009-5.43511553724e-001 
    2.76602804661e-006 7.76894926094e-003 4.50573861599e-006 5.15310953331e+003 
    7.20000000000e+003-1.22934579849e-007-3.11312306232e+000-5.58793544769e-009 
    9.81233602650e-001 3.09375000000e+002 1.58924644334e+000-8.32356139568e-009 
    1.74292968946e-010 1.00000000000e+000 1.10400000000e+003 0.00000000000e+000 
    1.00000000000e+000 1.00000000000e+000-2.79396772385e-009 0.00000000000e+000 
    0.00000000000e+000 0.00000000000e+000 0.00000000000e+000 0.00000000000e+000 
